0.000000000000000000e+00
0.000000000000000000e+00
0.000000000000000000e+00
0.000000000000000000e+00
0.000000000000000000e+00
0.000000000000000000e+00
0.000000000000000000e+00
2.965217858097212583e-02
5.565158340423081995e-02
1.032756467420180291e-01
1.283207520931044787e-01
2.020833545893727101e-01
2.604483419353611495e-01
3.865739301209791257e-01
5.170930379769111962e-01
6.476514424891167687e-01
8.035639368791239745e-01
9.237086506492248050e-01
1.100079321826028744e+00
1.247752374850570112e+00
1.365369353900183436e+00
1.469465588123452404e+00
1.555109924859343629e+00
1.620221850468152258e+00
1.603794615072741125e+00
1.624004639778759085e+00
1.552977607554217210e+00
1.498100069523700117e+00
1.406363128866473078e+00
1.307751489828216318e+00
1.219301760813548796e+00
1.094798739272920818e+00
1.007163881616761181e+00
8.915242075783900155e-01
8.121954533167314860e-01
6.979939765576710364e-01
6.211416661842936726e-01
5.478924899673394133e-01
4.870581161077355836e-01
4.295846504400681054e-01
3.528332918259972639e-01
3.285335853008005680e-01
2.788747850051913613e-01
2.428515241035892336e-01
2.220665349237106456e-01
1.930637104964878503e-01
1.794936204124722712e-01
1.494721360073418825e-01
1.304345405025375271e-01
1.162090099683220218e-01
9.647203286744479578e-02
1.201393649623878346e-01
9.198678456549559679e-02
7.425541732001295081e-02
4.447146379193065574e-02
5.978331551479450223e-02
9.285739044740839998e-02
6.707477334057358742e-02
5.295263366263219112e-02
6.474609327569058603e-02
6.202915195046602298e-02
4.458741699506913597e-02
6.056457475163556231e-02
3.153036429586233980e-02
8.143136101060244325e-02
3.982328202847270487e-02
0.000000000000000000e+00
5.745256102921951491e-02
0.000000000000000000e+00
0.000000000000000000e+00
0.000000000000000000e+00
0.000000000000000000e+00
0.000000000000000000e+00
0.000000000000000000e+00
0.000000000000000000e+00
0.000000000000000000e+00
0.000000000000000000e+00
0.000000000000000000e+00
0.000000000000000000e+00
0.000000000000000000e+00
0.000000000000000000e+00
0.000000000000000000e+00
0.000000000000000000e+00
0.000000000000000000e+00
0.000000000000000000e+00
0.000000000000000000e+00
0.000000000000000000e+00
0.000000000000000000e+00
0.000000000000000000e+00
0.000000000000000000e+00
0.000000000000000000e+00
0.000000000000000000e+00
0.000000000000000000e+00
0.000000000000000000e+00
0.000000000000000000e+00
0.000000000000000000e+00
0.000000000000000000e+00
0.000000000000000000e+00
0.000000000000000000e+00
0.000000000000000000e+00
0.000000000000000000e+00
0.000000000000000000e+00
0.000000000000000000e+00
0.000000000000000000e+00
0.000000000000000000e+00
0.000000000000000000e+00
0.000000000000000000e+00
0.000000000000000000e+00
0.000000000000000000e+00
0.000000000000000000e+00
0.000000000000000000e+00
0.000000000000000000e+00
0.000000000000000000e+00
0.000000000000000000e+00
0.000000000000000000e+00
0.000000000000000000e+00
0.000000000000000000e+00
0.000000000000000000e+00
0.000000000000000000e+00
0.000000000000000000e+00
0.000000000000000000e+00
0.000000000000000000e+00
0.000000000000000000e+00
0.000000000000000000e+00
0.000000000000000000e+00
0.000000000000000000e+00
0.000000000000000000e+00
0.000000000000000000e+00
0.000000000000000000e+00
0.000000000000000000e+00
0.000000000000000000e+00
0.000000000000000000e+00
0.000000000000000000e+00
0.000000000000000000e+00
0.000000000000000000e+00
0.000000000000000000e+00
0.000000000000000000e+00
0.000000000000000000e+00
0.000000000000000000e+00
0.000000000000000000e+00
0.000000000000000000e+00
0.000000000000000000e+00
0.000000000000000000e+00
0.000000000000000000e+00
0.000000000000000000e+00
0.000000000000000000e+00
0.000000000000000000e+00
0.000000000000000000e+00
0.000000000000000000e+00
0.000000000000000000e+00
0.000000000000000000e+00
0.000000000000000000e+00
0.000000000000000000e+00
0.000000000000000000e+00
0.000000000000000000e+00
0.000000000000000000e+00
0.000000000000000000e+00
0.000000000000000000e+00
0.000000000000000000e+00
0.000000000000000000e+00
0.000000000000000000e+00
0.000000000000000000e+00
0.000000000000000000e+00
0.000000000000000000e+00
0.000000000000000000e+00
0.000000000000000000e+00
0.000000000000000000e+00
0.000000000000000000e+00
0.000000000000000000e+00
0.000000000000000000e+00
0.000000000000000000e+00
0.000000000000000000e+00
0.000000000000000000e+00
0.000000000000000000e+00
0.000000000000000000e+00
0.000000000000000000e+00
0.000000000000000000e+00
0.000000000000000000e+00
0.000000000000000000e+00
0.000000000000000000e+00
0.000000000000000000e+00
0.000000000000000000e+00
0.000000000000000000e+00
0.000000000000000000e+00
0.000000000000000000e+00
0.000000000000000000e+00
0.000000000000000000e+00
0.000000000000000000e+00
0.000000000000000000e+00
0.000000000000000000e+00
0.000000000000000000e+00
0.000000000000000000e+00
0.000000000000000000e+00
0.000000000000000000e+00
0.000000000000000000e+00
0.000000000000000000e+00
0.000000000000000000e+00
0.000000000000000000e+00
0.000000000000000000e+00
0.000000000000000000e+00
