0.000000000000000000e+00
0.000000000000000000e+00
0.000000000000000000e+00
4.867440048962332355e+01
8.549367767498241122e+00
8.303677198645864621e+00
6.204187747137948072e+00
4.442741223217935520e+00
3.564098241164090908e+00
3.292262657024084938e+00
3.084142123157572968e+00
2.772513389921241966e+00
2.515595539687992321e+00
2.579874883281837672e+00
2.395042507224348860e+00
2.309060012418328700e+00
2.180367720065787385e+00
1.951410436181869157e+00
1.850560179820225359e+00
1.849726200609732363e+00
1.544447456719440170e+00
1.521777644961090470e+00
1.426286398406622080e+00
1.296827323162891954e+00
1.200457795868152822e+00
1.142676031329618924e+00
1.064132282447049160e+00
9.767211376323141625e-01
8.758744095731163526e-01
8.318212933562700862e-01
7.937130121736819532e-01
6.991066628405215866e-01
5.985535117313666165e-01
5.805101641993490880e-01
5.353782118264102108e-01
5.489936390918359610e-01
4.663124051370169387e-01
4.222827270714762382e-01
4.017873516829351677e-01
4.135500863817804240e-01
4.142984349723138338e-01
3.251106402955600827e-01
3.876734503676320664e-01
2.809489205750264063e-01
2.768597241996422209e-01
3.072356273069276611e-01
2.150820443989726882e-01
2.470733139143136137e-01
2.739390328653408813e-01
2.824433297270211862e-01
3.127358328818283795e-01
1.293124997912948881e-01
1.092528044658367808e-01
1.758352727047147734e-01
1.914681721220349575e-01
2.339927913931094672e-01
1.713384587490407174e-01
2.378228036952279301e-01
1.519887603110798568e-01
2.787588955816798775e-01
2.373878503862954514e-01
1.919673989511875012e-01
1.490032668049693643e-01
2.715026987335666941e-01
0.000000000000000000e+00
2.286077518103639405e-01
4.214233808625395539e-01
1.649048012070807034e-01
1.806100203696598405e-01
4.795507437401312356e-01
0.000000000000000000e+00
6.418602262367910649e-01
0.000000000000000000e+00
3.792810427762856595e-01
5.087916427486759430e-01
4.584715901691365225e-01
0.000000000000000000e+00
7.726095315813226172e-01
0.000000000000000000e+00
0.000000000000000000e+00
0.000000000000000000e+00
0.000000000000000000e+00
0.000000000000000000e+00
3.090438126325290469e+00
2.607557169086963889e+00
0.000000000000000000e+00
0.000000000000000000e+00
0.000000000000000000e+00
0.000000000000000000e+00
0.000000000000000000e+00
0.000000000000000000e+00
0.000000000000000000e+00
0.000000000000000000e+00
0.000000000000000000e+00
0.000000000000000000e+00
0.000000000000000000e+00
0.000000000000000000e+00
0.000000000000000000e+00
0.000000000000000000e+00
0.000000000000000000e+00
0.000000000000000000e+00
0.000000000000000000e+00
0.000000000000000000e+00
0.000000000000000000e+00
0.000000000000000000e+00
0.000000000000000000e+00
0.000000000000000000e+00
0.000000000000000000e+00
0.000000000000000000e+00
0.000000000000000000e+00
0.000000000000000000e+00
0.000000000000000000e+00
0.000000000000000000e+00
0.000000000000000000e+00
0.000000000000000000e+00
0.000000000000000000e+00
0.000000000000000000e+00
0.000000000000000000e+00
0.000000000000000000e+00
0.000000000000000000e+00
0.000000000000000000e+00
0.000000000000000000e+00
0.000000000000000000e+00
0.000000000000000000e+00
0.000000000000000000e+00
0.000000000000000000e+00
0.000000000000000000e+00
0.000000000000000000e+00
0.000000000000000000e+00
0.000000000000000000e+00
0.000000000000000000e+00
0.000000000000000000e+00
0.000000000000000000e+00
0.000000000000000000e+00
0.000000000000000000e+00
0.000000000000000000e+00
0.000000000000000000e+00
0.000000000000000000e+00
0.000000000000000000e+00
0.000000000000000000e+00
0.000000000000000000e+00
0.000000000000000000e+00
0.000000000000000000e+00
0.000000000000000000e+00
0.000000000000000000e+00
0.000000000000000000e+00
0.000000000000000000e+00
0.000000000000000000e+00
0.000000000000000000e+00
0.000000000000000000e+00
0.000000000000000000e+00
0.000000000000000000e+00
0.000000000000000000e+00
0.000000000000000000e+00
0.000000000000000000e+00
0.000000000000000000e+00
0.000000000000000000e+00
0.000000000000000000e+00
0.000000000000000000e+00
0.000000000000000000e+00
0.000000000000000000e+00
0.000000000000000000e+00
0.000000000000000000e+00
0.000000000000000000e+00
0.000000000000000000e+00
0.000000000000000000e+00
0.000000000000000000e+00
0.000000000000000000e+00
0.000000000000000000e+00
0.000000000000000000e+00
0.000000000000000000e+00
0.000000000000000000e+00
0.000000000000000000e+00
0.000000000000000000e+00
0.000000000000000000e+00
0.000000000000000000e+00
0.000000000000000000e+00
0.000000000000000000e+00
0.000000000000000000e+00
0.000000000000000000e+00
0.000000000000000000e+00
0.000000000000000000e+00
0.000000000000000000e+00
0.000000000000000000e+00
0.000000000000000000e+00
0.000000000000000000e+00
0.000000000000000000e+00
0.000000000000000000e+00
0.000000000000000000e+00
0.000000000000000000e+00
0.000000000000000000e+00
0.000000000000000000e+00
0.000000000000000000e+00
0.000000000000000000e+00
0.000000000000000000e+00
0.000000000000000000e+00
0.000000000000000000e+00
0.000000000000000000e+00
0.000000000000000000e+00
0.000000000000000000e+00
