0.000000000000000000e+00
0.000000000000000000e+00
2.121432148222333325e+01
1.392189847270906355e+01
7.799382897876226295e+00
5.575558851097158097e+00
5.012973226963732820e+00
3.721060421277076813e+00
3.108995389636178164e+00
2.857037103643080389e+00
2.657020540672942577e+00
2.541139947331068516e+00
2.501354924489069820e+00
2.402985492673653578e+00
2.221042540968813928e+00
2.214497089185575529e+00
2.132270206731688322e+00
2.002980721567034550e+00
1.807094617121504765e+00
1.831672573833317275e+00
1.524316715445357406e+00
1.491477518001139702e+00
1.411446003460981036e+00
1.281918472650933394e+00
1.177769163981886358e+00
1.118326851299313196e+00
1.019190006855116293e+00
9.812791875037225608e-01
8.782565697069353305e-01
8.281984009738947439e-01
7.952866504667294167e-01
7.109834297349282295e-01
5.968555279402283364e-01
5.892867078395370717e-01
5.582716179532456469e-01
5.651795243370105748e-01
4.681703491158034636e-01
4.349286395799767391e-01
4.137919611821450627e-01
4.297524049330156415e-01
4.236780713881145854e-01
3.264491362675616681e-01
3.989164889108554601e-01
2.942717986184825718e-01
2.815063890953202752e-01
3.215625972180862768e-01
2.257959959741592804e-01
2.621309838320699526e-01
2.828576197629777966e-01
2.904934475265323890e-01
3.232658511576889659e-01
1.344225439541801015e-01
1.181856349984586885e-01
1.795057971572743827e-01
1.942703432438034339e-01
2.378287161684230211e-01
1.808038762689488654e-01
2.709858583495681206e-01
1.443151121239682755e-01
2.486053298698046587e-01
2.755106686003030436e-01
2.066330014502272827e-01
1.894135846627083286e-01
2.525514462169444196e-01
0.000000000000000000e+00
2.719784805413247852e-01
4.079677208119871779e-01
1.767860123518611160e-01
1.894135846627083286e-01
4.821436700505303263e-01
0.000000000000000000e+00
6.629475463194791640e-01
0.000000000000000000e+00
7.576543386508333144e-01
4.821436700505303263e-01
4.079677208119871779e-01
0.000000000000000000e+00
4.821436700505303263e-01
0.000000000000000000e+00
0.000000000000000000e+00
0.000000000000000000e+00
0.000000000000000000e+00
0.000000000000000000e+00
2.121432148222333502e+00
1.767860123518611104e+00
0.000000000000000000e+00
0.000000000000000000e+00
0.000000000000000000e+00
0.000000000000000000e+00
0.000000000000000000e+00
0.000000000000000000e+00
0.000000000000000000e+00
0.000000000000000000e+00
0.000000000000000000e+00
0.000000000000000000e+00
0.000000000000000000e+00
0.000000000000000000e+00
0.000000000000000000e+00
0.000000000000000000e+00
0.000000000000000000e+00
0.000000000000000000e+00
0.000000000000000000e+00
0.000000000000000000e+00
0.000000000000000000e+00
0.000000000000000000e+00
0.000000000000000000e+00
0.000000000000000000e+00
0.000000000000000000e+00
0.000000000000000000e+00
0.000000000000000000e+00
0.000000000000000000e+00
0.000000000000000000e+00
0.000000000000000000e+00
0.000000000000000000e+00
0.000000000000000000e+00
0.000000000000000000e+00
0.000000000000000000e+00
0.000000000000000000e+00
0.000000000000000000e+00
0.000000000000000000e+00
0.000000000000000000e+00
0.000000000000000000e+00
0.000000000000000000e+00
0.000000000000000000e+00
0.000000000000000000e+00
0.000000000000000000e+00
0.000000000000000000e+00
0.000000000000000000e+00
0.000000000000000000e+00
0.000000000000000000e+00
0.000000000000000000e+00
0.000000000000000000e+00
0.000000000000000000e+00
0.000000000000000000e+00
0.000000000000000000e+00
0.000000000000000000e+00
0.000000000000000000e+00
0.000000000000000000e+00
0.000000000000000000e+00
0.000000000000000000e+00
0.000000000000000000e+00
0.000000000000000000e+00
0.000000000000000000e+00
0.000000000000000000e+00
0.000000000000000000e+00
0.000000000000000000e+00
0.000000000000000000e+00
0.000000000000000000e+00
0.000000000000000000e+00
0.000000000000000000e+00
0.000000000000000000e+00
0.000000000000000000e+00
0.000000000000000000e+00
0.000000000000000000e+00
0.000000000000000000e+00
0.000000000000000000e+00
0.000000000000000000e+00
0.000000000000000000e+00
0.000000000000000000e+00
0.000000000000000000e+00
0.000000000000000000e+00
0.000000000000000000e+00
0.000000000000000000e+00
0.000000000000000000e+00
0.000000000000000000e+00
0.000000000000000000e+00
0.000000000000000000e+00
0.000000000000000000e+00
0.000000000000000000e+00
0.000000000000000000e+00
0.000000000000000000e+00
0.000000000000000000e+00
0.000000000000000000e+00
0.000000000000000000e+00
0.000000000000000000e+00
0.000000000000000000e+00
0.000000000000000000e+00
0.000000000000000000e+00
0.000000000000000000e+00
0.000000000000000000e+00
0.000000000000000000e+00
0.000000000000000000e+00
0.000000000000000000e+00
0.000000000000000000e+00
0.000000000000000000e+00
0.000000000000000000e+00
0.000000000000000000e+00
0.000000000000000000e+00
0.000000000000000000e+00
0.000000000000000000e+00
0.000000000000000000e+00
0.000000000000000000e+00
0.000000000000000000e+00
0.000000000000000000e+00
0.000000000000000000e+00
0.000000000000000000e+00
0.000000000000000000e+00
0.000000000000000000e+00
0.000000000000000000e+00
0.000000000000000000e+00
