0.000000000000000000e+00
0.000000000000000000e+00
3.107327658153897332e+00
0.000000000000000000e+00
0.000000000000000000e+00
1.592505424803872316e+01
8.933567017192455495e+00
6.758437656484726830e+00
3.555499916541478456e+00
3.379218828242363415e+00
2.529683414009904041e+00
2.487356034051076747e+00
2.386787911335602530e+00
2.216717331890090570e+00
2.136287764980804749e+00
2.101702782484228482e+00
1.910415442003585262e+00
1.960192447565994867e+00
1.921830613218405981e+00
1.786713403438491277e+00
1.526213938103857970e+00
1.605541302821812621e+00
1.468547986588936594e+00
1.204502675999815420e+00
1.173490120237828060e+00
1.062933424527034321e+00
1.028441266168546697e+00
9.572696452992446314e-01
9.278825645876221939e-01
8.992673793298642249e-01
8.137263062579798145e-01
7.408270645668878496e-01
6.617457049772188515e-01
5.504347681743609888e-01
5.967359343513539693e-01
5.812465743532556628e-01
4.776077696792101479e-01
4.125974954649873627e-01
4.206347924344273626e-01
4.111525011093876136e-01
4.207839537083403192e-01
2.974156472804445062e-01
4.319185444833917864e-01
2.756500341910715357e-01
2.748226112754036943e-01
2.953579675068158106e-01
2.257011643591513295e-01
2.783647693762866804e-01
2.071551772102598055e-01
2.265759750737217082e-01
3.107327658153897221e-01
1.186826536100446944e-01
1.035775886051299166e-01
1.857641534765916980e-01
1.765527078496532676e-01
2.427599732932732290e-01
1.664639816868159206e-01
2.471737909895145857e-01
1.726293143418831944e-01
2.118632494195839266e-01
1.726293143418831944e-01
2.913119679519278749e-01
2.589439715128247776e-01
3.884159572692371665e-01
0.000000000000000000e+00
1.553663829076948610e-01
1.165247871807711499e+00
3.884159572692371665e-01
3.884159572692371665e-01
7.768319145384743329e-01
0.000000000000000000e+00
3.884159572692371665e-01
0.000000000000000000e+00
0.000000000000000000e+00
3.884159572692371665e-01
0.000000000000000000e+00
0.000000000000000000e+00
0.000000000000000000e+00
0.000000000000000000e+00
0.000000000000000000e+00
0.000000000000000000e+00
0.000000000000000000e+00
0.000000000000000000e+00
0.000000000000000000e+00
0.000000000000000000e+00
0.000000000000000000e+00
0.000000000000000000e+00
0.000000000000000000e+00
0.000000000000000000e+00
0.000000000000000000e+00
0.000000000000000000e+00
0.000000000000000000e+00
0.000000000000000000e+00
0.000000000000000000e+00
0.000000000000000000e+00
0.000000000000000000e+00
0.000000000000000000e+00
0.000000000000000000e+00
0.000000000000000000e+00
0.000000000000000000e+00
0.000000000000000000e+00
0.000000000000000000e+00
0.000000000000000000e+00
0.000000000000000000e+00
0.000000000000000000e+00
0.000000000000000000e+00
0.000000000000000000e+00
0.000000000000000000e+00
0.000000000000000000e+00
0.000000000000000000e+00
0.000000000000000000e+00
0.000000000000000000e+00
0.000000000000000000e+00
0.000000000000000000e+00
0.000000000000000000e+00
0.000000000000000000e+00
0.000000000000000000e+00
0.000000000000000000e+00
0.000000000000000000e+00
0.000000000000000000e+00
0.000000000000000000e+00
0.000000000000000000e+00
0.000000000000000000e+00
0.000000000000000000e+00
0.000000000000000000e+00
0.000000000000000000e+00
0.000000000000000000e+00
0.000000000000000000e+00
0.000000000000000000e+00
0.000000000000000000e+00
0.000000000000000000e+00
0.000000000000000000e+00
0.000000000000000000e+00
0.000000000000000000e+00
0.000000000000000000e+00
0.000000000000000000e+00
0.000000000000000000e+00
0.000000000000000000e+00
0.000000000000000000e+00
0.000000000000000000e+00
0.000000000000000000e+00
0.000000000000000000e+00
0.000000000000000000e+00
0.000000000000000000e+00
0.000000000000000000e+00
0.000000000000000000e+00
0.000000000000000000e+00
0.000000000000000000e+00
0.000000000000000000e+00
0.000000000000000000e+00
0.000000000000000000e+00
0.000000000000000000e+00
0.000000000000000000e+00
0.000000000000000000e+00
0.000000000000000000e+00
0.000000000000000000e+00
0.000000000000000000e+00
0.000000000000000000e+00
0.000000000000000000e+00
0.000000000000000000e+00
0.000000000000000000e+00
0.000000000000000000e+00
0.000000000000000000e+00
0.000000000000000000e+00
0.000000000000000000e+00
0.000000000000000000e+00
0.000000000000000000e+00
0.000000000000000000e+00
0.000000000000000000e+00
0.000000000000000000e+00
0.000000000000000000e+00
0.000000000000000000e+00
0.000000000000000000e+00
0.000000000000000000e+00
0.000000000000000000e+00
0.000000000000000000e+00
0.000000000000000000e+00
0.000000000000000000e+00
0.000000000000000000e+00
0.000000000000000000e+00
0.000000000000000000e+00
0.000000000000000000e+00
0.000000000000000000e+00
0.000000000000000000e+00
0.000000000000000000e+00
0.000000000000000000e+00
0.000000000000000000e+00
0.000000000000000000e+00
0.000000000000000000e+00
0.000000000000000000e+00
0.000000000000000000e+00
0.000000000000000000e+00
0.000000000000000000e+00
0.000000000000000000e+00
0.000000000000000000e+00
0.000000000000000000e+00
0.000000000000000000e+00
0.000000000000000000e+00
0.000000000000000000e+00
0.000000000000000000e+00
