0.000000000000000000e+00
0.000000000000000000e+00
7.048572859288933401e+00
0.000000000000000000e+00
1.101339509263895877e+01
1.204131196795192693e+01
5.066161742613920715e+00
5.475230703197653703e+00
2.995643465197796562e+00
2.472684833702166074e+00
2.307135961674470437e+00
2.767894766678319129e+00
2.558728503714475799e+00
2.222345795478932740e+00
2.280420630946419891e+00
2.188825691367239479e+00
2.149244756622804786e+00
1.898592357562893129e+00
1.789569568360322771e+00
1.922922705225721840e+00
1.547790880633746813e+00
1.464811887252366329e+00
1.456562373925260223e+00
1.268308017581928571e+00
1.214940146296927148e+00
1.172671819116575254e+00
1.079990852869954887e+00
1.030301833260331312e+00
8.820484052020381993e-01
8.378046981186063613e-01
7.833940159959985605e-01
7.164642172840098855e-01
5.609590856873545306e-01
6.091505857168502125e-01
5.080464853123842772e-01
5.304025939051230099e-01
4.385543832990865254e-01
4.437869904487727890e-01
4.191332545376769136e-01
4.355183116360188955e-01
4.371729349749816085e-01
3.482701928999694663e-01
4.041879651159908660e-01
2.893070949708144157e-01
2.776486157808140676e-01
3.851390858743204415e-01
2.140456447382938776e-01
2.367879944917376245e-01
2.753348773159739471e-01
3.023284927391086674e-01
3.098273784302827405e-01
1.346081622433650538e-01
8.701941801591275838e-02
1.384541097360326156e-01
2.002435471388901433e-01
2.049003738165387500e-01
1.957936905358036717e-01
2.467000500751126424e-01
1.532298447671507080e-01
2.936905358037055214e-01
2.517347449746047405e-01
1.321607411116674791e-01
1.762143214822233239e-01
2.643214822233349581e-01
0.000000000000000000e+00
1.762143214822233239e-01
8.810716074111165641e-01
2.202679018527791688e-01
1.258673724873023703e-01
4.405358037055583376e-01
0.000000000000000000e+00
3.524286429644466478e-01
0.000000000000000000e+00
1.762143214822233239e-01
2.936905358037055769e-01
8.810716074111166751e-01
0.000000000000000000e+00
8.810716074111166751e-01
0.000000000000000000e+00
0.000000000000000000e+00
0.000000000000000000e+00
0.000000000000000000e+00
0.000000000000000000e+00
0.000000000000000000e+00
0.000000000000000000e+00
0.000000000000000000e+00
0.000000000000000000e+00
0.000000000000000000e+00
0.000000000000000000e+00
0.000000000000000000e+00
0.000000000000000000e+00
0.000000000000000000e+00
0.000000000000000000e+00
0.000000000000000000e+00
0.000000000000000000e+00
0.000000000000000000e+00
0.000000000000000000e+00
0.000000000000000000e+00
0.000000000000000000e+00
0.000000000000000000e+00
0.000000000000000000e+00
0.000000000000000000e+00
0.000000000000000000e+00
0.000000000000000000e+00
0.000000000000000000e+00
0.000000000000000000e+00
0.000000000000000000e+00
0.000000000000000000e+00
0.000000000000000000e+00
0.000000000000000000e+00
0.000000000000000000e+00
0.000000000000000000e+00
0.000000000000000000e+00
0.000000000000000000e+00
0.000000000000000000e+00
0.000000000000000000e+00
0.000000000000000000e+00
0.000000000000000000e+00
0.000000000000000000e+00
0.000000000000000000e+00
0.000000000000000000e+00
0.000000000000000000e+00
0.000000000000000000e+00
0.000000000000000000e+00
0.000000000000000000e+00
0.000000000000000000e+00
0.000000000000000000e+00
0.000000000000000000e+00
0.000000000000000000e+00
0.000000000000000000e+00
0.000000000000000000e+00
0.000000000000000000e+00
0.000000000000000000e+00
0.000000000000000000e+00
0.000000000000000000e+00
0.000000000000000000e+00
0.000000000000000000e+00
0.000000000000000000e+00
0.000000000000000000e+00
0.000000000000000000e+00
0.000000000000000000e+00
0.000000000000000000e+00
0.000000000000000000e+00
0.000000000000000000e+00
0.000000000000000000e+00
0.000000000000000000e+00
0.000000000000000000e+00
0.000000000000000000e+00
0.000000000000000000e+00
0.000000000000000000e+00
0.000000000000000000e+00
0.000000000000000000e+00
0.000000000000000000e+00
0.000000000000000000e+00
0.000000000000000000e+00
0.000000000000000000e+00
0.000000000000000000e+00
0.000000000000000000e+00
0.000000000000000000e+00
0.000000000000000000e+00
0.000000000000000000e+00
0.000000000000000000e+00
0.000000000000000000e+00
0.000000000000000000e+00
0.000000000000000000e+00
0.000000000000000000e+00
0.000000000000000000e+00
0.000000000000000000e+00
0.000000000000000000e+00
0.000000000000000000e+00
0.000000000000000000e+00
0.000000000000000000e+00
0.000000000000000000e+00
0.000000000000000000e+00
0.000000000000000000e+00
0.000000000000000000e+00
0.000000000000000000e+00
0.000000000000000000e+00
0.000000000000000000e+00
0.000000000000000000e+00
0.000000000000000000e+00
0.000000000000000000e+00
0.000000000000000000e+00
0.000000000000000000e+00
0.000000000000000000e+00
0.000000000000000000e+00
0.000000000000000000e+00
0.000000000000000000e+00
0.000000000000000000e+00
0.000000000000000000e+00
0.000000000000000000e+00
0.000000000000000000e+00
0.000000000000000000e+00
0.000000000000000000e+00
0.000000000000000000e+00
0.000000000000000000e+00
0.000000000000000000e+00
0.000000000000000000e+00
0.000000000000000000e+00
0.000000000000000000e+00
