0.000000000000000000e+00
0.000000000000000000e+00
0.000000000000000000e+00
0.000000000000000000e+00
0.000000000000000000e+00
0.000000000000000000e+00
0.000000000000000000e+00
2.604007631644855367e-02
4.799642333641631481e-02
9.426676170737656457e-02
1.192842582194676149e-01
1.913837878446784657e-01
2.522797141646541119e-01
3.657711561736121664e-01
4.854685473944845842e-01
6.306614834989096030e-01
7.847336921364951312e-01
9.209547278170229223e-01
1.074964100770985365e+00
1.219944962613272343e+00
1.353443077046060816e+00
1.475786385588831573e+00
1.556897610770237694e+00
1.611899620995652427e+00
1.597606581820052218e+00
1.603210183128766397e+00
1.543102017255585379e+00
1.518418520523562742e+00
1.429928000609564265e+00
1.339023025169945980e+00
1.228721370607348318e+00
1.110854301384243126e+00
1.004130747714760297e+00
9.126530107651148471e-01
8.233101545402105037e-01
7.111929039869392399e-01
6.367768961713505815e-01
5.567088236469932561e-01
4.937820291870565481e-01
4.337114787638427504e-01
3.557799909088760204e-01
3.329185247592834629e-01
2.764808475965805368e-01
2.380314000804014118e-01
2.174722103100557857e-01
2.007567307289920000e-01
1.874916088177266404e-01
1.542841240922988855e-01
1.350513232505474448e-01
1.145639135734987796e-01
8.913548965850326411e-02
1.107602271266650146e-01
8.932833336785682421e-02
7.395630266485388182e-02
4.553665072237145922e-02
5.816802030414873481e-02
8.326826706948808887e-02
6.076017807171329999e-02
5.208015263289711427e-02
5.940132424902322406e-02
5.252150985859962984e-02
4.244889152955312606e-02
5.846734116334675185e-02
3.227884460059769062e-02
7.497021971751721692e-02
3.589307816591558176e-02
0.000000000000000000e+00
4.791910951016564724e-02
0.000000000000000000e+00
0.000000000000000000e+00
0.000000000000000000e+00
0.000000000000000000e+00
0.000000000000000000e+00
0.000000000000000000e+00
0.000000000000000000e+00
0.000000000000000000e+00
0.000000000000000000e+00
0.000000000000000000e+00
0.000000000000000000e+00
0.000000000000000000e+00
0.000000000000000000e+00
0.000000000000000000e+00
0.000000000000000000e+00
0.000000000000000000e+00
0.000000000000000000e+00
0.000000000000000000e+00
0.000000000000000000e+00
0.000000000000000000e+00
0.000000000000000000e+00
0.000000000000000000e+00
0.000000000000000000e+00
0.000000000000000000e+00
0.000000000000000000e+00
0.000000000000000000e+00
0.000000000000000000e+00
0.000000000000000000e+00
0.000000000000000000e+00
0.000000000000000000e+00
0.000000000000000000e+00
0.000000000000000000e+00
0.000000000000000000e+00
0.000000000000000000e+00
0.000000000000000000e+00
0.000000000000000000e+00
0.000000000000000000e+00
0.000000000000000000e+00
0.000000000000000000e+00
0.000000000000000000e+00
0.000000000000000000e+00
0.000000000000000000e+00
0.000000000000000000e+00
0.000000000000000000e+00
0.000000000000000000e+00
0.000000000000000000e+00
0.000000000000000000e+00
0.000000000000000000e+00
0.000000000000000000e+00
0.000000000000000000e+00
0.000000000000000000e+00
0.000000000000000000e+00
0.000000000000000000e+00
0.000000000000000000e+00
0.000000000000000000e+00
0.000000000000000000e+00
0.000000000000000000e+00
0.000000000000000000e+00
0.000000000000000000e+00
0.000000000000000000e+00
0.000000000000000000e+00
0.000000000000000000e+00
0.000000000000000000e+00
0.000000000000000000e+00
0.000000000000000000e+00
0.000000000000000000e+00
0.000000000000000000e+00
0.000000000000000000e+00
0.000000000000000000e+00
0.000000000000000000e+00
0.000000000000000000e+00
0.000000000000000000e+00
0.000000000000000000e+00
0.000000000000000000e+00
0.000000000000000000e+00
0.000000000000000000e+00
0.000000000000000000e+00
0.000000000000000000e+00
0.000000000000000000e+00
0.000000000000000000e+00
0.000000000000000000e+00
0.000000000000000000e+00
0.000000000000000000e+00
0.000000000000000000e+00
0.000000000000000000e+00
0.000000000000000000e+00
0.000000000000000000e+00
0.000000000000000000e+00
0.000000000000000000e+00
0.000000000000000000e+00
0.000000000000000000e+00
0.000000000000000000e+00
0.000000000000000000e+00
0.000000000000000000e+00
0.000000000000000000e+00
0.000000000000000000e+00
0.000000000000000000e+00
0.000000000000000000e+00
0.000000000000000000e+00
0.000000000000000000e+00
0.000000000000000000e+00
0.000000000000000000e+00
0.000000000000000000e+00
0.000000000000000000e+00
0.000000000000000000e+00
0.000000000000000000e+00
0.000000000000000000e+00
0.000000000000000000e+00
0.000000000000000000e+00
0.000000000000000000e+00
0.000000000000000000e+00
0.000000000000000000e+00
0.000000000000000000e+00
0.000000000000000000e+00
0.000000000000000000e+00
0.000000000000000000e+00
0.000000000000000000e+00
0.000000000000000000e+00
0.000000000000000000e+00
0.000000000000000000e+00
0.000000000000000000e+00
0.000000000000000000e+00
0.000000000000000000e+00
0.000000000000000000e+00
0.000000000000000000e+00
0.000000000000000000e+00
0.000000000000000000e+00
0.000000000000000000e+00
0.000000000000000000e+00
0.000000000000000000e+00
0.000000000000000000e+00
0.000000000000000000e+00
