0.000000000000000000e+00
0.000000000000000000e+00
0.000000000000000000e+00
0.000000000000000000e+00
0.000000000000000000e+00
0.000000000000000000e+00
0.000000000000000000e+00
2.673630566133004469e-02
5.024780153212429074e-02
9.412989556085338272e-02
1.182995327426027560e-01
1.969691781549827991e-01
2.628126029556142607e-01
3.791630160519315340e-01
4.967170812090446752e-01
6.308443013052774662e-01
7.956924869381922782e-01
9.348554567674601801e-01
1.092846895674632446e+00
1.251083260963739452e+00
1.366690226104969152e+00
1.471954072579840789e+00
1.567915724127729504e+00
1.608384137481268406e+00
1.596119755258857298e+00
1.604242380109743848e+00
1.547722039327595001e+00
1.507707590147439491e+00
1.410727036600928574e+00
1.317914892480020139e+00
1.226068411331922459e+00
1.107967151425264030e+00
1.007246151154661318e+00
9.037586701203064177e-01
8.217120613531446738e-01
7.081971389461074740e-01
6.270588389480601377e-01
5.518906733375977813e-01
4.916035095163314161e-01
4.329086233474775391e-01
3.568343280064598666e-01
3.300985436273229379e-01
2.757952034782212292e-01
2.441900454559162992e-01
2.227282092662749569e-01
1.950813984662933265e-01
1.779816404085630965e-01
1.511336949073974478e-01
1.303771697820185205e-01
1.156738490657265306e-01
9.375222999628078646e-02
1.145271855131299449e-01
9.237088539892165939e-02
7.487636633626956750e-02
4.282857460776393760e-02
5.746509612199114658e-02
8.759674213454617109e-02
5.957491490664950512e-02
4.744949781483891182e-02
5.797823253706648611e-02
5.736722071876015905e-02
4.331707028631404111e-02
6.074056773941697435e-02
3.035415520063269867e-02
6.729616276623788529e-02
3.888222737604855872e-02
0.000000000000000000e+00
5.395551375971494729e-02
0.000000000000000000e+00
0.000000000000000000e+00
0.000000000000000000e+00
0.000000000000000000e+00
0.000000000000000000e+00
0.000000000000000000e+00
0.000000000000000000e+00
0.000000000000000000e+00
0.000000000000000000e+00
0.000000000000000000e+00
0.000000000000000000e+00
0.000000000000000000e+00
0.000000000000000000e+00
0.000000000000000000e+00
0.000000000000000000e+00
0.000000000000000000e+00
0.000000000000000000e+00
0.000000000000000000e+00
0.000000000000000000e+00
0.000000000000000000e+00
0.000000000000000000e+00
0.000000000000000000e+00
0.000000000000000000e+00
0.000000000000000000e+00
0.000000000000000000e+00
0.000000000000000000e+00
0.000000000000000000e+00
0.000000000000000000e+00
0.000000000000000000e+00
0.000000000000000000e+00
0.000000000000000000e+00
0.000000000000000000e+00
0.000000000000000000e+00
0.000000000000000000e+00
0.000000000000000000e+00
0.000000000000000000e+00
0.000000000000000000e+00
0.000000000000000000e+00
0.000000000000000000e+00
0.000000000000000000e+00
0.000000000000000000e+00
0.000000000000000000e+00
0.000000000000000000e+00
0.000000000000000000e+00
0.000000000000000000e+00
0.000000000000000000e+00
0.000000000000000000e+00
0.000000000000000000e+00
0.000000000000000000e+00
0.000000000000000000e+00
0.000000000000000000e+00
0.000000000000000000e+00
0.000000000000000000e+00
0.000000000000000000e+00
0.000000000000000000e+00
0.000000000000000000e+00
0.000000000000000000e+00
0.000000000000000000e+00
0.000000000000000000e+00
0.000000000000000000e+00
0.000000000000000000e+00
0.000000000000000000e+00
0.000000000000000000e+00
0.000000000000000000e+00
0.000000000000000000e+00
0.000000000000000000e+00
0.000000000000000000e+00
0.000000000000000000e+00
0.000000000000000000e+00
0.000000000000000000e+00
0.000000000000000000e+00
0.000000000000000000e+00
0.000000000000000000e+00
0.000000000000000000e+00
0.000000000000000000e+00
0.000000000000000000e+00
0.000000000000000000e+00
0.000000000000000000e+00
0.000000000000000000e+00
0.000000000000000000e+00
0.000000000000000000e+00
0.000000000000000000e+00
0.000000000000000000e+00
0.000000000000000000e+00
0.000000000000000000e+00
0.000000000000000000e+00
0.000000000000000000e+00
0.000000000000000000e+00
0.000000000000000000e+00
0.000000000000000000e+00
0.000000000000000000e+00
0.000000000000000000e+00
0.000000000000000000e+00
0.000000000000000000e+00
0.000000000000000000e+00
0.000000000000000000e+00
0.000000000000000000e+00
0.000000000000000000e+00
0.000000000000000000e+00
0.000000000000000000e+00
0.000000000000000000e+00
0.000000000000000000e+00
0.000000000000000000e+00
0.000000000000000000e+00
0.000000000000000000e+00
0.000000000000000000e+00
0.000000000000000000e+00
0.000000000000000000e+00
0.000000000000000000e+00
0.000000000000000000e+00
0.000000000000000000e+00
0.000000000000000000e+00
0.000000000000000000e+00
0.000000000000000000e+00
0.000000000000000000e+00
0.000000000000000000e+00
0.000000000000000000e+00
0.000000000000000000e+00
0.000000000000000000e+00
0.000000000000000000e+00
0.000000000000000000e+00
0.000000000000000000e+00
0.000000000000000000e+00
0.000000000000000000e+00
0.000000000000000000e+00
0.000000000000000000e+00
0.000000000000000000e+00
0.000000000000000000e+00
0.000000000000000000e+00
0.000000000000000000e+00
0.000000000000000000e+00
0.000000000000000000e+00
