0.000000000000000000e+00
0.000000000000000000e+00
3.772658988482723963e+00
9.903229844767150070e+00
0.000000000000000000e+00
1.933487731597395864e+01
1.301567351026539754e+01
3.567623173891271815e+00
3.117683469648917960e+00
2.879134491210499913e+00
2.722316429189238551e+00
2.855216916283516149e+00
2.325010771971911527e+00
2.389632655260918170e+00
2.331418476028650044e+00
2.328437969454181466e+00
1.948776475215105775e+00
2.055128554128732521e+00
1.745858148925516051e+00
1.822334471011849200e+00
1.487658438011627560e+00
1.530107324965943594e+00
1.444221019028542718e+00
1.245447446367739630e+00
1.170222926983067291e+00
1.096612275926843738e+00
1.028298279061594434e+00
9.203388819919132713e-01
8.550981592871235160e-01
8.133364013631781964e-01
8.330064618618696626e-01
7.014335852080421096e-01
5.708628732572542663e-01
5.645781975179806622e-01
5.561290142384892610e-01
5.407819609849556786e-01
4.986157580319523497e-01
4.270049352635919004e-01
4.074333006863235518e-01
4.126345768652979751e-01
4.703762805333319696e-01
3.500943936680644408e-01
4.489722597595022791e-01
3.229513530996884207e-01
2.947389834752128235e-01
3.391676184227079838e-01
1.988043339519082464e-01
2.796971319047537041e-01
3.170301670993885823e-01
3.474817489391982539e-01
3.971219987876551949e-01
1.249977375702107374e-01
1.423644901314235489e-01
1.820142494443419412e-01
1.813778359847463550e-01
2.858074991274791032e-01
1.768433900851276719e-01
2.357911867801702477e-01
1.397281106845453258e-01
4.042134630517204008e-01
3.143882490402269969e-01
1.886329494241361926e-01
1.714844994764874453e-01
2.021067315258602004e-01
0.000000000000000000e+00
2.694756420344803227e-01
5.658988482724085500e-01
3.143882490402269969e-01
3.143882490402269969e-01
4.715823735603404954e-01
0.000000000000000000e+00
6.287764980804539938e-01
0.000000000000000000e+00
0.000000000000000000e+00
0.000000000000000000e+00
9.431647471206809907e-01
0.000000000000000000e+00
0.000000000000000000e+00
0.000000000000000000e+00
0.000000000000000000e+00
0.000000000000000000e+00
0.000000000000000000e+00
0.000000000000000000e+00
0.000000000000000000e+00
9.431647471206809907e-01
0.000000000000000000e+00
0.000000000000000000e+00
0.000000000000000000e+00
0.000000000000000000e+00
0.000000000000000000e+00
0.000000000000000000e+00
0.000000000000000000e+00
0.000000000000000000e+00
0.000000000000000000e+00
0.000000000000000000e+00
0.000000000000000000e+00
0.000000000000000000e+00
0.000000000000000000e+00
0.000000000000000000e+00
0.000000000000000000e+00
0.000000000000000000e+00
0.000000000000000000e+00
0.000000000000000000e+00
0.000000000000000000e+00
0.000000000000000000e+00
0.000000000000000000e+00
0.000000000000000000e+00
0.000000000000000000e+00
0.000000000000000000e+00
0.000000000000000000e+00
0.000000000000000000e+00
0.000000000000000000e+00
0.000000000000000000e+00
0.000000000000000000e+00
0.000000000000000000e+00
0.000000000000000000e+00
0.000000000000000000e+00
0.000000000000000000e+00
0.000000000000000000e+00
0.000000000000000000e+00
0.000000000000000000e+00
0.000000000000000000e+00
0.000000000000000000e+00
0.000000000000000000e+00
0.000000000000000000e+00
0.000000000000000000e+00
0.000000000000000000e+00
0.000000000000000000e+00
0.000000000000000000e+00
0.000000000000000000e+00
0.000000000000000000e+00
0.000000000000000000e+00
0.000000000000000000e+00
0.000000000000000000e+00
0.000000000000000000e+00
0.000000000000000000e+00
0.000000000000000000e+00
0.000000000000000000e+00
0.000000000000000000e+00
0.000000000000000000e+00
0.000000000000000000e+00
0.000000000000000000e+00
0.000000000000000000e+00
0.000000000000000000e+00
0.000000000000000000e+00
0.000000000000000000e+00
0.000000000000000000e+00
0.000000000000000000e+00
0.000000000000000000e+00
0.000000000000000000e+00
0.000000000000000000e+00
0.000000000000000000e+00
0.000000000000000000e+00
0.000000000000000000e+00
0.000000000000000000e+00
0.000000000000000000e+00
0.000000000000000000e+00
0.000000000000000000e+00
0.000000000000000000e+00
0.000000000000000000e+00
0.000000000000000000e+00
0.000000000000000000e+00
0.000000000000000000e+00
0.000000000000000000e+00
0.000000000000000000e+00
0.000000000000000000e+00
0.000000000000000000e+00
0.000000000000000000e+00
0.000000000000000000e+00
0.000000000000000000e+00
0.000000000000000000e+00
0.000000000000000000e+00
0.000000000000000000e+00
0.000000000000000000e+00
0.000000000000000000e+00
0.000000000000000000e+00
0.000000000000000000e+00
0.000000000000000000e+00
0.000000000000000000e+00
0.000000000000000000e+00
0.000000000000000000e+00
0.000000000000000000e+00
0.000000000000000000e+00
0.000000000000000000e+00
0.000000000000000000e+00
0.000000000000000000e+00
0.000000000000000000e+00
0.000000000000000000e+00
0.000000000000000000e+00
0.000000000000000000e+00
0.000000000000000000e+00
0.000000000000000000e+00
0.000000000000000000e+00
0.000000000000000000e+00
0.000000000000000000e+00
0.000000000000000000e+00
0.000000000000000000e+00
0.000000000000000000e+00
0.000000000000000000e+00
0.000000000000000000e+00
