0.000000000000000000e+00
0.000000000000000000e+00
0.000000000000000000e+00
0.000000000000000000e+00
0.000000000000000000e+00
0.000000000000000000e+00
0.000000000000000000e+00
2.433769485501978760e-02
4.810273806639205063e-02
1.006127950655687220e-01
1.127499027101644125e-01
1.833787857831447876e-01
2.430095871184239920e-01
3.591188149739739099e-01
4.420154243730712862e-01
6.099532493829133983e-01
7.576026075333952559e-01
9.175957580838891570e-01
1.078489029579364544e+00
1.232831003234122091e+00
1.345689059378722519e+00
1.491080004902485712e+00
1.559685412691007356e+00
1.579583105510004915e+00
1.612237888508410322e+00
1.572615943784831938e+00
1.547623718851377506e+00
1.499126932239591703e+00
1.406663769757699134e+00
1.331435442487580501e+00
1.276953907893602080e+00
1.107586891347641433e+00
1.069031854190104935e+00
8.918959124953155237e-01
8.338484481973024165e-01
7.037982577746705326e-01
6.410001752708842648e-01
5.770770404309181201e-01
4.948032264693179583e-01
4.387081392970532123e-01
3.459696930159735784e-01
3.236566442471226490e-01
2.931223051947461911e-01
2.577593784260228671e-01
2.327432480289276795e-01
2.001300409639545363e-01
1.825749155077727170e-01
1.494088307967544327e-01
1.248700500270959468e-01
1.124174854145836566e-01
9.680843524503693343e-02
1.100331745371903869e-01
8.982821919216395223e-02
8.017123011065342697e-02
4.326701307559072812e-02
6.334656350996699381e-02
8.480334562815784738e-02
5.697414467699715018e-02
5.006611513032641764e-02
6.814554559405540390e-02
5.935257196901600613e-02
3.607705354979404144e-02
4.770188191583878135e-02
2.555457959777077820e-02
7.434059519351499112e-02
4.380785073903561977e-02
0.000000000000000000e+00
4.229723519631025525e-02
0.000000000000000000e+00
0.000000000000000000e+00
0.000000000000000000e+00
0.000000000000000000e+00
0.000000000000000000e+00
0.000000000000000000e+00
0.000000000000000000e+00
0.000000000000000000e+00
0.000000000000000000e+00
0.000000000000000000e+00
0.000000000000000000e+00
0.000000000000000000e+00
0.000000000000000000e+00
0.000000000000000000e+00
0.000000000000000000e+00
0.000000000000000000e+00
0.000000000000000000e+00
0.000000000000000000e+00
0.000000000000000000e+00
0.000000000000000000e+00
0.000000000000000000e+00
0.000000000000000000e+00
0.000000000000000000e+00
0.000000000000000000e+00
0.000000000000000000e+00
0.000000000000000000e+00
0.000000000000000000e+00
0.000000000000000000e+00
0.000000000000000000e+00
0.000000000000000000e+00
0.000000000000000000e+00
0.000000000000000000e+00
0.000000000000000000e+00
0.000000000000000000e+00
0.000000000000000000e+00
0.000000000000000000e+00
0.000000000000000000e+00
0.000000000000000000e+00
0.000000000000000000e+00
0.000000000000000000e+00
0.000000000000000000e+00
0.000000000000000000e+00
0.000000000000000000e+00
0.000000000000000000e+00
0.000000000000000000e+00
0.000000000000000000e+00
0.000000000000000000e+00
0.000000000000000000e+00
0.000000000000000000e+00
0.000000000000000000e+00
0.000000000000000000e+00
0.000000000000000000e+00
0.000000000000000000e+00
0.000000000000000000e+00
0.000000000000000000e+00
0.000000000000000000e+00
0.000000000000000000e+00
0.000000000000000000e+00
0.000000000000000000e+00
0.000000000000000000e+00
0.000000000000000000e+00
0.000000000000000000e+00
0.000000000000000000e+00
0.000000000000000000e+00
0.000000000000000000e+00
0.000000000000000000e+00
0.000000000000000000e+00
0.000000000000000000e+00
0.000000000000000000e+00
0.000000000000000000e+00
0.000000000000000000e+00
0.000000000000000000e+00
0.000000000000000000e+00
0.000000000000000000e+00
0.000000000000000000e+00
0.000000000000000000e+00
0.000000000000000000e+00
0.000000000000000000e+00
0.000000000000000000e+00
0.000000000000000000e+00
0.000000000000000000e+00
0.000000000000000000e+00
0.000000000000000000e+00
0.000000000000000000e+00
0.000000000000000000e+00
0.000000000000000000e+00
0.000000000000000000e+00
0.000000000000000000e+00
0.000000000000000000e+00
0.000000000000000000e+00
0.000000000000000000e+00
0.000000000000000000e+00
0.000000000000000000e+00
0.000000000000000000e+00
0.000000000000000000e+00
0.000000000000000000e+00
0.000000000000000000e+00
0.000000000000000000e+00
0.000000000000000000e+00
0.000000000000000000e+00
0.000000000000000000e+00
0.000000000000000000e+00
0.000000000000000000e+00
0.000000000000000000e+00
0.000000000000000000e+00
0.000000000000000000e+00
0.000000000000000000e+00
0.000000000000000000e+00
0.000000000000000000e+00
0.000000000000000000e+00
0.000000000000000000e+00
0.000000000000000000e+00
0.000000000000000000e+00
0.000000000000000000e+00
0.000000000000000000e+00
0.000000000000000000e+00
0.000000000000000000e+00
0.000000000000000000e+00
0.000000000000000000e+00
0.000000000000000000e+00
0.000000000000000000e+00
0.000000000000000000e+00
0.000000000000000000e+00
0.000000000000000000e+00
0.000000000000000000e+00
0.000000000000000000e+00
0.000000000000000000e+00
0.000000000000000000e+00
0.000000000000000000e+00
0.000000000000000000e+00
0.000000000000000000e+00
0.000000000000000000e+00
