0.000000000000000000e+00
0.000000000000000000e+00
0.000000000000000000e+00
0.000000000000000000e+00
0.000000000000000000e+00
0.000000000000000000e+00
0.000000000000000000e+00
2.662499940611088092e-02
5.038886629003435508e-02
9.247059682653627211e-02
1.170138468217430117e-01
1.940705735147498501e-01
2.532199006171709788e-01
3.785916061651439790e-01
4.980904597417640800e-01
6.272172632851445995e-01
7.855670945434511943e-01
9.285348159422295300e-01
1.078309508602286027e+00
1.245109542810154624e+00
1.363458734562788210e+00
1.465573285586510455e+00
1.567019870224136469e+00
1.607257914012172328e+00
1.601341249063089833e+00
1.617130984628992074e+00
1.552168976631811415e+00
1.510266741354919118e+00
1.410620227448724506e+00
1.319178754582437829e+00
1.229285517041934561e+00
1.100563873356144473e+00
1.007650023141987372e+00
8.997825511117784059e-01
8.251388025767547596e-01
6.964749863149855003e-01
6.251834218231112628e-01
5.578554226320781018e-01
4.912662865764395592e-01
4.356662046741400229e-01
3.628555886422697996e-01
3.357849948076327973e-01
2.772093299162382563e-01
2.432402858364922649e-01
2.236381434933932266e-01
1.977001891028764002e-01
1.815330396485007325e-01
1.504645031983233849e-01
1.324230892166767537e-01
1.175266376762996029e-01
9.465776852828650112e-02
1.144203613162709521e-01
9.078587693749393117e-02
7.488281082968685498e-02
4.467918737740569912e-02
5.710082701559045931e-02
8.515229373331766050e-02
6.278479007732946926e-02
5.076168111071607120e-02
5.868367216040765860e-02
5.571827383315301058e-02
4.167391211391268530e-02
5.849307561834821145e-02
2.923654241005955653e-02
6.500465280534518941e-02
4.013423555797995118e-02
0.000000000000000000e+00
5.113336706027152290e-02
0.000000000000000000e+00
0.000000000000000000e+00
0.000000000000000000e+00
0.000000000000000000e+00
0.000000000000000000e+00
0.000000000000000000e+00
0.000000000000000000e+00
0.000000000000000000e+00
0.000000000000000000e+00
0.000000000000000000e+00
0.000000000000000000e+00
0.000000000000000000e+00
0.000000000000000000e+00
0.000000000000000000e+00
0.000000000000000000e+00
0.000000000000000000e+00
0.000000000000000000e+00
0.000000000000000000e+00
0.000000000000000000e+00
0.000000000000000000e+00
0.000000000000000000e+00
0.000000000000000000e+00
0.000000000000000000e+00
0.000000000000000000e+00
0.000000000000000000e+00
0.000000000000000000e+00
0.000000000000000000e+00
0.000000000000000000e+00
0.000000000000000000e+00
0.000000000000000000e+00
0.000000000000000000e+00
0.000000000000000000e+00
0.000000000000000000e+00
0.000000000000000000e+00
0.000000000000000000e+00
0.000000000000000000e+00
0.000000000000000000e+00
0.000000000000000000e+00
0.000000000000000000e+00
0.000000000000000000e+00
0.000000000000000000e+00
0.000000000000000000e+00
0.000000000000000000e+00
0.000000000000000000e+00
0.000000000000000000e+00
0.000000000000000000e+00
0.000000000000000000e+00
0.000000000000000000e+00
0.000000000000000000e+00
0.000000000000000000e+00
0.000000000000000000e+00
0.000000000000000000e+00
0.000000000000000000e+00
0.000000000000000000e+00
0.000000000000000000e+00
0.000000000000000000e+00
0.000000000000000000e+00
0.000000000000000000e+00
0.000000000000000000e+00
0.000000000000000000e+00
0.000000000000000000e+00
0.000000000000000000e+00
0.000000000000000000e+00
0.000000000000000000e+00
0.000000000000000000e+00
0.000000000000000000e+00
0.000000000000000000e+00
0.000000000000000000e+00
0.000000000000000000e+00
0.000000000000000000e+00
0.000000000000000000e+00
0.000000000000000000e+00
0.000000000000000000e+00
0.000000000000000000e+00
0.000000000000000000e+00
0.000000000000000000e+00
0.000000000000000000e+00
0.000000000000000000e+00
0.000000000000000000e+00
0.000000000000000000e+00
0.000000000000000000e+00
0.000000000000000000e+00
0.000000000000000000e+00
0.000000000000000000e+00
0.000000000000000000e+00
0.000000000000000000e+00
0.000000000000000000e+00
0.000000000000000000e+00
0.000000000000000000e+00
0.000000000000000000e+00
0.000000000000000000e+00
0.000000000000000000e+00
0.000000000000000000e+00
0.000000000000000000e+00
0.000000000000000000e+00
0.000000000000000000e+00
0.000000000000000000e+00
0.000000000000000000e+00
0.000000000000000000e+00
0.000000000000000000e+00
0.000000000000000000e+00
0.000000000000000000e+00
0.000000000000000000e+00
0.000000000000000000e+00
0.000000000000000000e+00
0.000000000000000000e+00
0.000000000000000000e+00
0.000000000000000000e+00
0.000000000000000000e+00
0.000000000000000000e+00
0.000000000000000000e+00
0.000000000000000000e+00
0.000000000000000000e+00
0.000000000000000000e+00
0.000000000000000000e+00
0.000000000000000000e+00
0.000000000000000000e+00
0.000000000000000000e+00
0.000000000000000000e+00
0.000000000000000000e+00
0.000000000000000000e+00
0.000000000000000000e+00
0.000000000000000000e+00
0.000000000000000000e+00
0.000000000000000000e+00
0.000000000000000000e+00
0.000000000000000000e+00
0.000000000000000000e+00
0.000000000000000000e+00
0.000000000000000000e+00
0.000000000000000000e+00
0.000000000000000000e+00
