0.000000000000000000e+00
0.000000000000000000e+00
0.000000000000000000e+00
0.000000000000000000e+00
0.000000000000000000e+00
0.000000000000000000e+00
0.000000000000000000e+00
2.694236321902740428e-02
5.341330360248282283e-02
9.503034657032920218e-02
1.206560668472953513e-01
1.917925577673952608e-01
2.593971517250751591e-01
3.882297473898937423e-01
5.007459847997934865e-01
6.429052607935046293e-01
7.915922476652687001e-01
9.258010208291520549e-01
1.083184846533314705e+00
1.231013291701423151e+00
1.361427825242911060e+00
1.463795514245885165e+00
1.562728240682860870e+00
1.608791085861282610e+00
1.595493159351984325e+00
1.614047812591062225e+00
1.522403312600276726e+00
1.496614450034334798e+00
1.384513527418493650e+00
1.310995181166372037e+00
1.228749841723151048e+00
1.091991459776483264e+00
9.913531845492030703e-01
8.941016761751885422e-01
8.184898543239752522e-01
7.005313215579996866e-01
6.318580184565538715e-01
5.476781675642402591e-01
4.864464193685159032e-01
4.371685977756006869e-01
3.647616922900022707e-01
3.370911896335485602e-01
2.835648577184624597e-01
2.489212270122510284e-01
2.281995378118089057e-01
2.043872653469926692e-01
1.859200899493874681e-01
1.571678178698671102e-01
1.347131648993031838e-01
1.217946423734255351e-01
9.565647681981850892e-02
1.166783943138680196e-01
9.172608709614324396e-02
7.762459704500385138e-02
4.349343724423509333e-02
6.371999689470947414e-02
8.894892112504458603e-02
6.532418885400252673e-02
5.808105911641660291e-02
6.731445825800078109e-02
5.966508800140978702e-02
4.317868210628340170e-02
6.470720811420498098e-02
3.281579840077537835e-02
7.458136000176222857e-02
4.189250859673453176e-02
0.000000000000000000e+00
5.593602000132167490e-02
0.000000000000000000e+00
0.000000000000000000e+00
0.000000000000000000e+00
0.000000000000000000e+00
0.000000000000000000e+00
0.000000000000000000e+00
0.000000000000000000e+00
0.000000000000000000e+00
0.000000000000000000e+00
0.000000000000000000e+00
0.000000000000000000e+00
0.000000000000000000e+00
0.000000000000000000e+00
0.000000000000000000e+00
0.000000000000000000e+00
0.000000000000000000e+00
0.000000000000000000e+00
0.000000000000000000e+00
0.000000000000000000e+00
0.000000000000000000e+00
0.000000000000000000e+00
0.000000000000000000e+00
0.000000000000000000e+00
0.000000000000000000e+00
0.000000000000000000e+00
0.000000000000000000e+00
0.000000000000000000e+00
0.000000000000000000e+00
0.000000000000000000e+00
0.000000000000000000e+00
0.000000000000000000e+00
0.000000000000000000e+00
0.000000000000000000e+00
0.000000000000000000e+00
0.000000000000000000e+00
0.000000000000000000e+00
0.000000000000000000e+00
0.000000000000000000e+00
0.000000000000000000e+00
0.000000000000000000e+00
0.000000000000000000e+00
0.000000000000000000e+00
0.000000000000000000e+00
0.000000000000000000e+00
0.000000000000000000e+00
0.000000000000000000e+00
0.000000000000000000e+00
0.000000000000000000e+00
0.000000000000000000e+00
0.000000000000000000e+00
0.000000000000000000e+00
0.000000000000000000e+00
0.000000000000000000e+00
0.000000000000000000e+00
0.000000000000000000e+00
0.000000000000000000e+00
0.000000000000000000e+00
0.000000000000000000e+00
0.000000000000000000e+00
0.000000000000000000e+00
0.000000000000000000e+00
0.000000000000000000e+00
0.000000000000000000e+00
0.000000000000000000e+00
0.000000000000000000e+00
0.000000000000000000e+00
0.000000000000000000e+00
0.000000000000000000e+00
0.000000000000000000e+00
0.000000000000000000e+00
0.000000000000000000e+00
0.000000000000000000e+00
0.000000000000000000e+00
0.000000000000000000e+00
0.000000000000000000e+00
0.000000000000000000e+00
0.000000000000000000e+00
0.000000000000000000e+00
0.000000000000000000e+00
0.000000000000000000e+00
0.000000000000000000e+00
0.000000000000000000e+00
0.000000000000000000e+00
0.000000000000000000e+00
0.000000000000000000e+00
0.000000000000000000e+00
0.000000000000000000e+00
0.000000000000000000e+00
0.000000000000000000e+00
0.000000000000000000e+00
0.000000000000000000e+00
0.000000000000000000e+00
0.000000000000000000e+00
0.000000000000000000e+00
0.000000000000000000e+00
0.000000000000000000e+00
0.000000000000000000e+00
0.000000000000000000e+00
0.000000000000000000e+00
0.000000000000000000e+00
0.000000000000000000e+00
0.000000000000000000e+00
0.000000000000000000e+00
0.000000000000000000e+00
0.000000000000000000e+00
0.000000000000000000e+00
0.000000000000000000e+00
0.000000000000000000e+00
0.000000000000000000e+00
0.000000000000000000e+00
0.000000000000000000e+00
0.000000000000000000e+00
0.000000000000000000e+00
0.000000000000000000e+00
0.000000000000000000e+00
0.000000000000000000e+00
0.000000000000000000e+00
0.000000000000000000e+00
0.000000000000000000e+00
0.000000000000000000e+00
0.000000000000000000e+00
0.000000000000000000e+00
0.000000000000000000e+00
0.000000000000000000e+00
0.000000000000000000e+00
0.000000000000000000e+00
0.000000000000000000e+00
0.000000000000000000e+00
0.000000000000000000e+00
0.000000000000000000e+00
0.000000000000000000e+00
0.000000000000000000e+00
