0.000000000000000000e+00
0.000000000000000000e+00
0.000000000000000000e+00
0.000000000000000000e+00
0.000000000000000000e+00
0.000000000000000000e+00
0.000000000000000000e+00
2.743725748578522070e-02
4.911374213547454320e-02
8.986847774103016995e-02
1.160928034892173555e-01
1.991011830966112339e-01
2.603967955503894705e-01
3.627648525766539178e-01
5.069793894294519765e-01
6.051577152256704117e-01
7.920668716612443427e-01
9.352063030820836342e-01
1.091369196257419905e+00
1.237375173501444658e+00
1.332132475117151937e+00
1.456616165021439091e+00
1.562528782710745023e+00
1.625137511437474869e+00
1.586954382043585410e+00
1.647571767274172982e+00
1.570368167754468747e+00
1.489865693549539571e+00
1.420821230615459285e+00
1.309990186129652123e+00
1.227343443538142287e+00
1.135876968498545247e+00
9.905303776228565615e-01
9.286046744712379564e-01
8.116635681733773700e-01
7.130409909193545781e-01
6.177054938188718536e-01
5.695949071524549767e-01
4.846522575311540404e-01
4.282751115321802304e-01
3.714883669184331216e-01
3.339870550840280949e-01
2.810943675230739291e-01
2.380966364215645059e-01
2.212180073704653471e-01
1.981598796750449476e-01
1.777177938569583227e-01
1.490544964809169259e-01
1.253736055800842297e-01
1.131489998912655198e-01
9.898150156935889288e-02
1.138978624159510677e-01
7.997889720813400327e-02
6.906619987801107530e-02
4.238983696216552799e-02
6.036196646872749039e-02
8.529544380371863188e-02
6.643831519972578925e-02
5.370958113418515534e-02
6.008759389386963967e-02
5.341119457232856860e-02
3.815085326594897658e-02
5.903342557994210177e-02
2.827651477358571197e-02
8.147470358490799258e-02
4.143971992680665212e-02
0.000000000000000000e+00
5.113837778201671402e-02
0.000000000000000000e+00
0.000000000000000000e+00
0.000000000000000000e+00
0.000000000000000000e+00
0.000000000000000000e+00
0.000000000000000000e+00
0.000000000000000000e+00
0.000000000000000000e+00
0.000000000000000000e+00
0.000000000000000000e+00
0.000000000000000000e+00
0.000000000000000000e+00
0.000000000000000000e+00
0.000000000000000000e+00
0.000000000000000000e+00
0.000000000000000000e+00
0.000000000000000000e+00
0.000000000000000000e+00
0.000000000000000000e+00
0.000000000000000000e+00
0.000000000000000000e+00
0.000000000000000000e+00
0.000000000000000000e+00
0.000000000000000000e+00
0.000000000000000000e+00
0.000000000000000000e+00
0.000000000000000000e+00
0.000000000000000000e+00
0.000000000000000000e+00
0.000000000000000000e+00
0.000000000000000000e+00
0.000000000000000000e+00
0.000000000000000000e+00
0.000000000000000000e+00
0.000000000000000000e+00
0.000000000000000000e+00
0.000000000000000000e+00
0.000000000000000000e+00
0.000000000000000000e+00
0.000000000000000000e+00
0.000000000000000000e+00
0.000000000000000000e+00
0.000000000000000000e+00
0.000000000000000000e+00
0.000000000000000000e+00
0.000000000000000000e+00
0.000000000000000000e+00
0.000000000000000000e+00
0.000000000000000000e+00
0.000000000000000000e+00
0.000000000000000000e+00
0.000000000000000000e+00
0.000000000000000000e+00
0.000000000000000000e+00
0.000000000000000000e+00
0.000000000000000000e+00
0.000000000000000000e+00
0.000000000000000000e+00
0.000000000000000000e+00
0.000000000000000000e+00
0.000000000000000000e+00
0.000000000000000000e+00
0.000000000000000000e+00
0.000000000000000000e+00
0.000000000000000000e+00
0.000000000000000000e+00
0.000000000000000000e+00
0.000000000000000000e+00
0.000000000000000000e+00
0.000000000000000000e+00
0.000000000000000000e+00
0.000000000000000000e+00
0.000000000000000000e+00
0.000000000000000000e+00
0.000000000000000000e+00
0.000000000000000000e+00
0.000000000000000000e+00
0.000000000000000000e+00
0.000000000000000000e+00
0.000000000000000000e+00
0.000000000000000000e+00
0.000000000000000000e+00
0.000000000000000000e+00
0.000000000000000000e+00
0.000000000000000000e+00
0.000000000000000000e+00
0.000000000000000000e+00
0.000000000000000000e+00
0.000000000000000000e+00
0.000000000000000000e+00
0.000000000000000000e+00
0.000000000000000000e+00
0.000000000000000000e+00
0.000000000000000000e+00
0.000000000000000000e+00
0.000000000000000000e+00
0.000000000000000000e+00
0.000000000000000000e+00
0.000000000000000000e+00
0.000000000000000000e+00
0.000000000000000000e+00
0.000000000000000000e+00
0.000000000000000000e+00
0.000000000000000000e+00
0.000000000000000000e+00
0.000000000000000000e+00
0.000000000000000000e+00
0.000000000000000000e+00
0.000000000000000000e+00
0.000000000000000000e+00
0.000000000000000000e+00
0.000000000000000000e+00
0.000000000000000000e+00
0.000000000000000000e+00
0.000000000000000000e+00
0.000000000000000000e+00
0.000000000000000000e+00
0.000000000000000000e+00
0.000000000000000000e+00
0.000000000000000000e+00
0.000000000000000000e+00
0.000000000000000000e+00
0.000000000000000000e+00
0.000000000000000000e+00
0.000000000000000000e+00
0.000000000000000000e+00
0.000000000000000000e+00
0.000000000000000000e+00
0.000000000000000000e+00
0.000000000000000000e+00
0.000000000000000000e+00
0.000000000000000000e+00
