0.000000000000000000e+00
0.000000000000000000e+00
1.240687698213987566e+01
8.142013019529294127e+01
8.811702402087981056e+00
4.541803180961919040e+00
5.515944019121464592e+00
4.113560584779608398e+00
3.443139834129302912e+00
3.018451614782352355e+00
2.588162576760454137e+00
2.656565094555413342e+00
2.444477621016407198e+00
2.440767929982252671e+00
2.221283313859678366e+00
2.232469209158733481e+00
2.098576493128847975e+00
1.905800242966855906e+00
1.792623390355684077e+00
1.850756444651677990e+00
1.528861613933903296e+00
1.501835337516330027e+00
1.423286663088229487e+00
1.264370242026910285e+00
1.174799887158928691e+00
1.114283104985346995e+00
1.065014753082308419e+00
9.758217851121251396e-01
8.884825779463511042e-01
8.321781071910170358e-01
8.077817767497920132e-01
7.043703570964027216e-01
5.994080043184787376e-01
5.829359514065940440e-01
5.484084680700567205e-01
5.424923415184668141e-01
4.647819053608998607e-01
4.406584898163231068e-01
4.085784880609404368e-01
4.181617024609146638e-01
4.427783696041867056e-01
3.285096260683574854e-01
3.906659796387828010e-01
2.869546820932267206e-01
2.976317085659195283e-01
3.270154606066620340e-01
2.212573449867346886e-01
2.629612136395971800e-01
2.917892046599218081e-01
2.800830072077500343e-01
3.140981514465791546e-01
1.318350529400489080e-01
1.225975986377458027e-01
1.899716687131662585e-01
2.124465236667786860e-01
2.550755958499152376e-01
1.824540732667628840e-01
2.171203471874478264e-01
1.442660114202311272e-01
2.819744768668153712e-01
2.442298618531471566e-01
1.971431723856971741e-01
1.742538901985937749e-01
2.907861792689033220e-01
0.000000000000000000e+00
2.280675915834536049e-01
3.752079732501978349e-01
1.520450610556357551e-01
2.349787307223461241e-01
3.976563135301242058e-01
0.000000000000000000e+00
5.347791802646498782e-01
0.000000000000000000e+00
4.307943396576345840e-01
3.877149056918711145e-01
4.561351831669072099e-01
0.000000000000000000e+00
7.754298113837422290e-01
0.000000000000000000e+00
0.000000000000000000e+00
0.000000000000000000e+00
0.000000000000000000e+00
0.000000000000000000e+00
3.101719245534968916e+00
1.938574528459355850e+00
0.000000000000000000e+00
0.000000000000000000e+00
0.000000000000000000e+00
0.000000000000000000e+00
0.000000000000000000e+00
0.000000000000000000e+00
0.000000000000000000e+00
0.000000000000000000e+00
0.000000000000000000e+00
0.000000000000000000e+00
0.000000000000000000e+00
0.000000000000000000e+00
0.000000000000000000e+00
0.000000000000000000e+00
0.000000000000000000e+00
0.000000000000000000e+00
0.000000000000000000e+00
0.000000000000000000e+00
0.000000000000000000e+00
0.000000000000000000e+00
0.000000000000000000e+00
0.000000000000000000e+00
0.000000000000000000e+00
0.000000000000000000e+00
0.000000000000000000e+00
0.000000000000000000e+00
0.000000000000000000e+00
0.000000000000000000e+00
0.000000000000000000e+00
0.000000000000000000e+00
0.000000000000000000e+00
0.000000000000000000e+00
0.000000000000000000e+00
0.000000000000000000e+00
0.000000000000000000e+00
0.000000000000000000e+00
0.000000000000000000e+00
0.000000000000000000e+00
0.000000000000000000e+00
0.000000000000000000e+00
0.000000000000000000e+00
0.000000000000000000e+00
0.000000000000000000e+00
0.000000000000000000e+00
0.000000000000000000e+00
0.000000000000000000e+00
0.000000000000000000e+00
0.000000000000000000e+00
0.000000000000000000e+00
0.000000000000000000e+00
0.000000000000000000e+00
0.000000000000000000e+00
0.000000000000000000e+00
0.000000000000000000e+00
0.000000000000000000e+00
0.000000000000000000e+00
0.000000000000000000e+00
0.000000000000000000e+00
0.000000000000000000e+00
0.000000000000000000e+00
0.000000000000000000e+00
0.000000000000000000e+00
0.000000000000000000e+00
0.000000000000000000e+00
0.000000000000000000e+00
0.000000000000000000e+00
0.000000000000000000e+00
0.000000000000000000e+00
0.000000000000000000e+00
0.000000000000000000e+00
0.000000000000000000e+00
0.000000000000000000e+00
0.000000000000000000e+00
0.000000000000000000e+00
0.000000000000000000e+00
0.000000000000000000e+00
0.000000000000000000e+00
0.000000000000000000e+00
0.000000000000000000e+00
0.000000000000000000e+00
0.000000000000000000e+00
0.000000000000000000e+00
0.000000000000000000e+00
0.000000000000000000e+00
0.000000000000000000e+00
0.000000000000000000e+00
0.000000000000000000e+00
0.000000000000000000e+00
0.000000000000000000e+00
0.000000000000000000e+00
0.000000000000000000e+00
0.000000000000000000e+00
0.000000000000000000e+00
0.000000000000000000e+00
0.000000000000000000e+00
0.000000000000000000e+00
0.000000000000000000e+00
0.000000000000000000e+00
0.000000000000000000e+00
0.000000000000000000e+00
0.000000000000000000e+00
0.000000000000000000e+00
0.000000000000000000e+00
0.000000000000000000e+00
0.000000000000000000e+00
0.000000000000000000e+00
0.000000000000000000e+00
0.000000000000000000e+00
0.000000000000000000e+00
0.000000000000000000e+00
0.000000000000000000e+00
0.000000000000000000e+00
0.000000000000000000e+00
0.000000000000000000e+00
0.000000000000000000e+00
