0.000000000000000000e+00
6.933400100150224787e+00
0.000000000000000000e+00
7.280070105157736293e+01
8.666750125187782317e+00
6.768319145384743329e+00
4.881679662350668636e+00
3.427305731324258531e+00
3.033362543815723456e+00
2.766999122537016298e+00
3.025916882196146851e+00
2.709885250410827506e+00
2.433577518595774425e+00
2.388640888161510656e+00
2.306473823638683918e+00
2.217565214218088165e+00
2.157746592378251282e+00
1.900149605387259300e+00
1.725910754543833026e+00
1.785604332424562735e+00
1.590990695701001156e+00
1.490137806424736810e+00
1.427944707915942635e+00
1.247584030366537311e+00
1.179029966269200758e+00
1.114509299766268224e+00
1.071199354363537193e+00
9.813068381004530494e-01
8.810667450655296218e-01
8.538966298537136179e-01
7.877961762334401152e-01
7.117899407320839034e-01
6.278275681238393302e-01
5.928057085628443135e-01
5.518877096569917429e-01
5.628885806585984808e-01
4.805613430584290136e-01
4.341326209497732846e-01
4.102087169021407242e-01
4.355957793088010566e-01
4.149825105983100393e-01
3.239454719038111219e-01
3.848812355914063010e-01
2.731151337570366100e-01
2.705541142098162877e-01
3.105142376140898608e-01
2.258607608382270371e-01
2.606085701979543034e-01
2.795725846834767880e-01
2.757602312559748747e-01
3.006352346948607535e-01
1.238107160741111629e-01
1.038711625490670448e-01
1.975839406778561458e-01
2.251103928620202810e-01
2.265817026192883943e-01
1.518262795653333719e-01
2.147513305356264224e-01
1.575772750034142022e-01
2.363659125051212617e-01
2.069671671686634518e-01
2.810837878439280124e-01
1.691073195158591669e-01
2.888916708395927180e-01
0.000000000000000000e+00
3.151545500068284045e-01
4.333375062593890492e-01
1.507260891337005582e-01
2.166687531296945246e-01
3.649157947447486672e-01
0.000000000000000000e+00
6.303091000136568089e-01
0.000000000000000000e+00
2.476214321482223257e-01
6.933400100150225454e-01
8.666750125187780984e-01
0.000000000000000000e+00
5.777833416791854360e-01
0.000000000000000000e+00
0.000000000000000000e+00
0.000000000000000000e+00
0.000000000000000000e+00
0.000000000000000000e+00
2.311133366716741744e+00
0.000000000000000000e+00
0.000000000000000000e+00
0.000000000000000000e+00
0.000000000000000000e+00
0.000000000000000000e+00
0.000000000000000000e+00
0.000000000000000000e+00
0.000000000000000000e+00
0.000000000000000000e+00
0.000000000000000000e+00
0.000000000000000000e+00
0.000000000000000000e+00
0.000000000000000000e+00
0.000000000000000000e+00
0.000000000000000000e+00
0.000000000000000000e+00
0.000000000000000000e+00
0.000000000000000000e+00
0.000000000000000000e+00
0.000000000000000000e+00
0.000000000000000000e+00
0.000000000000000000e+00
0.000000000000000000e+00
0.000000000000000000e+00
0.000000000000000000e+00
0.000000000000000000e+00
0.000000000000000000e+00
0.000000000000000000e+00
0.000000000000000000e+00
0.000000000000000000e+00
0.000000000000000000e+00
0.000000000000000000e+00
0.000000000000000000e+00
0.000000000000000000e+00
0.000000000000000000e+00
0.000000000000000000e+00
0.000000000000000000e+00
0.000000000000000000e+00
0.000000000000000000e+00
0.000000000000000000e+00
0.000000000000000000e+00
0.000000000000000000e+00
0.000000000000000000e+00
0.000000000000000000e+00
0.000000000000000000e+00
0.000000000000000000e+00
0.000000000000000000e+00
0.000000000000000000e+00
0.000000000000000000e+00
0.000000000000000000e+00
0.000000000000000000e+00
0.000000000000000000e+00
0.000000000000000000e+00
0.000000000000000000e+00
0.000000000000000000e+00
0.000000000000000000e+00
0.000000000000000000e+00
0.000000000000000000e+00
0.000000000000000000e+00
0.000000000000000000e+00
0.000000000000000000e+00
0.000000000000000000e+00
0.000000000000000000e+00
0.000000000000000000e+00
0.000000000000000000e+00
0.000000000000000000e+00
0.000000000000000000e+00
0.000000000000000000e+00
0.000000000000000000e+00
0.000000000000000000e+00
0.000000000000000000e+00
0.000000000000000000e+00
0.000000000000000000e+00
0.000000000000000000e+00
0.000000000000000000e+00
0.000000000000000000e+00
0.000000000000000000e+00
0.000000000000000000e+00
0.000000000000000000e+00
0.000000000000000000e+00
0.000000000000000000e+00
0.000000000000000000e+00
0.000000000000000000e+00
0.000000000000000000e+00
0.000000000000000000e+00
0.000000000000000000e+00
0.000000000000000000e+00
0.000000000000000000e+00
0.000000000000000000e+00
0.000000000000000000e+00
0.000000000000000000e+00
0.000000000000000000e+00
0.000000000000000000e+00
0.000000000000000000e+00
0.000000000000000000e+00
0.000000000000000000e+00
0.000000000000000000e+00
0.000000000000000000e+00
0.000000000000000000e+00
0.000000000000000000e+00
0.000000000000000000e+00
0.000000000000000000e+00
0.000000000000000000e+00
0.000000000000000000e+00
0.000000000000000000e+00
0.000000000000000000e+00
0.000000000000000000e+00
0.000000000000000000e+00
0.000000000000000000e+00
0.000000000000000000e+00
0.000000000000000000e+00
0.000000000000000000e+00
0.000000000000000000e+00
0.000000000000000000e+00
0.000000000000000000e+00
0.000000000000000000e+00
