0.000000000000000000e+00
0.000000000000000000e+00
0.000000000000000000e+00
0.000000000000000000e+00
0.000000000000000000e+00
0.000000000000000000e+00
0.000000000000000000e+00
3.205233826023745625e-02
8.547290202729990183e-02
1.673844331367956295e-01
1.041700993457717467e-01
2.481088406070232899e-01
2.423156772473951948e-01
4.581598939551589922e-01
5.387427266481009669e-01
5.880371288512795669e-01
7.423735119629192303e-01
1.223536373972526237e+00
1.050844758666926282e+00
1.357729231060180508e+00
1.292014492251952973e+00
1.592461716731401689e+00
1.653067005968569925e+00
1.634408663156173613e+00
1.621551305883750516e+00
1.566230094844557330e+00
1.580273859699079742e+00
1.497237821959794157e+00
1.399207843283443164e+00
1.354181939536919010e+00
1.181213013148330049e+00
9.815090605710172778e-01
1.013259294092407892e+00
7.964947353752782622e-01
8.189584225082698898e-01
6.792743245976931021e-01
5.839966703109293888e-01
6.187318461628117383e-01
5.348597670228740775e-01
5.058015330335033921e-01
3.498843031461035258e-01
3.366939316345664568e-01
2.358723354022602692e-01
2.186904329214118536e-01
1.930594327767791163e-01
1.978230251999030798e-01
2.107270749449654257e-01
1.407788974567292239e-01
1.118422015889136839e-01
1.019099985710114065e-01
1.297356548628659234e-01
1.343145603286141354e-01
8.450161904971693894e-02
7.541726649467636601e-02
4.273645101364994398e-02
4.407196510782650928e-02
1.121831839108311107e-01
1.089779500848073596e-01
7.692561182456990332e-02
1.282093530409498527e-01
4.807850739035619131e-02
3.205233826023746319e-02
4.487327356433244013e-02
2.403925369517809565e-02
4.807850739035619131e-02
3.205233826023746319e-02
0.000000000000000000e+00
1.923140295614247583e-02
0.000000000000000000e+00
0.000000000000000000e+00
0.000000000000000000e+00
0.000000000000000000e+00
0.000000000000000000e+00
0.000000000000000000e+00
0.000000000000000000e+00
0.000000000000000000e+00
0.000000000000000000e+00
0.000000000000000000e+00
0.000000000000000000e+00
0.000000000000000000e+00
0.000000000000000000e+00
0.000000000000000000e+00
0.000000000000000000e+00
0.000000000000000000e+00
0.000000000000000000e+00
0.000000000000000000e+00
0.000000000000000000e+00
0.000000000000000000e+00
0.000000000000000000e+00
0.000000000000000000e+00
0.000000000000000000e+00
0.000000000000000000e+00
0.000000000000000000e+00
0.000000000000000000e+00
0.000000000000000000e+00
0.000000000000000000e+00
0.000000000000000000e+00
0.000000000000000000e+00
0.000000000000000000e+00
0.000000000000000000e+00
0.000000000000000000e+00
0.000000000000000000e+00
0.000000000000000000e+00
0.000000000000000000e+00
0.000000000000000000e+00
0.000000000000000000e+00
0.000000000000000000e+00
0.000000000000000000e+00
0.000000000000000000e+00
0.000000000000000000e+00
0.000000000000000000e+00
0.000000000000000000e+00
0.000000000000000000e+00
0.000000000000000000e+00
0.000000000000000000e+00
0.000000000000000000e+00
0.000000000000000000e+00
0.000000000000000000e+00
0.000000000000000000e+00
0.000000000000000000e+00
0.000000000000000000e+00
0.000000000000000000e+00
0.000000000000000000e+00
0.000000000000000000e+00
0.000000000000000000e+00
0.000000000000000000e+00
0.000000000000000000e+00
0.000000000000000000e+00
0.000000000000000000e+00
0.000000000000000000e+00
0.000000000000000000e+00
0.000000000000000000e+00
0.000000000000000000e+00
0.000000000000000000e+00
0.000000000000000000e+00
0.000000000000000000e+00
0.000000000000000000e+00
0.000000000000000000e+00
0.000000000000000000e+00
0.000000000000000000e+00
0.000000000000000000e+00
0.000000000000000000e+00
0.000000000000000000e+00
0.000000000000000000e+00
0.000000000000000000e+00
0.000000000000000000e+00
0.000000000000000000e+00
0.000000000000000000e+00
0.000000000000000000e+00
0.000000000000000000e+00
0.000000000000000000e+00
0.000000000000000000e+00
0.000000000000000000e+00
0.000000000000000000e+00
0.000000000000000000e+00
0.000000000000000000e+00
0.000000000000000000e+00
0.000000000000000000e+00
0.000000000000000000e+00
0.000000000000000000e+00
0.000000000000000000e+00
0.000000000000000000e+00
0.000000000000000000e+00
0.000000000000000000e+00
0.000000000000000000e+00
0.000000000000000000e+00
0.000000000000000000e+00
0.000000000000000000e+00
0.000000000000000000e+00
0.000000000000000000e+00
0.000000000000000000e+00
0.000000000000000000e+00
0.000000000000000000e+00
0.000000000000000000e+00
0.000000000000000000e+00
0.000000000000000000e+00
0.000000000000000000e+00
0.000000000000000000e+00
0.000000000000000000e+00
0.000000000000000000e+00
0.000000000000000000e+00
0.000000000000000000e+00
0.000000000000000000e+00
0.000000000000000000e+00
0.000000000000000000e+00
0.000000000000000000e+00
0.000000000000000000e+00
0.000000000000000000e+00
0.000000000000000000e+00
0.000000000000000000e+00
0.000000000000000000e+00
0.000000000000000000e+00
0.000000000000000000e+00
0.000000000000000000e+00
0.000000000000000000e+00
0.000000000000000000e+00
0.000000000000000000e+00
0.000000000000000000e+00
0.000000000000000000e+00
0.000000000000000000e+00
